.Random.seed <-
c(403L, 10L, -1106569947L, -1088949185L, -1817328698L, -844050352L, 
-1187570573L, -2008223599L, -1848110912L, -272917858L, -1725663639L, 
-2121038181L, -1837323350L, 1833652172L, 2126021263L, -1879020859L, 
375243388L, 232394450L, 1068583501L, 1163593479L, -68302098L, 
1219731400L, 245555403L, 733282601L, 856676728L, 2143514278L, 
372889793L, -274009773L, 1363254786L, -151304396L, -1130289993L, 
-1142303571L, -1967771196L, 719655402L, -775909803L, -1313669137L, 
-55218186L, -2118702816L, 2007746275L, -61350015L, -235410960L, 
-858138482L, 198893561L, -1747618421L, 24760762L, 343134396L, 
1406022655L, -375439019L, 94583404L, -312947006L, 150403357L, 
308539287L, 462957310L, 582701240L, 1769519771L, -754263815L, 
-1938994616L, 1583420790L, -623893327L, -1174288157L, -1154988110L, 
-1153320956L, -290895033L, 1740096029L, 294705300L, -1885734854L, 
-1368819067L, 1050848095L, 1484645350L, -75469200L, -1471053421L, 
1426220593L, -1301119776L, -1361228418L, -763568119L, 1217228859L, 
1654291978L, 1292029420L, -1468349841L, -165343835L, -1257255588L, 
-1764757198L, 639012909L, 2133126887L, 492815374L, -863146520L, 
-499271701L, 2099046537L, 1704586264L, 1616317254L, -2101470815L, 
-736171981L, 871998882L, 1004970132L, 2003601175L, 588853517L, 
521771044L, 1616820234L, 2106895733L, -1502176049L, -2080747562L, 
-803287168L, 1212523459L, 1232717153L, -1332118576L, 68696878L, 
-2126911783L, -1869662997L, 413594970L, -1280874724L, -1063615969L, 
-1838194059L, -128536820L, -1645378846L, 71571389L, -900157385L, 
844987102L, -104004072L, 2094623099L, -2025201383L, 11357608L, 
2144153942L, 1276154321L, 864309635L, -745918446L, -1392614492L, 
-322514073L, 1559619773L, 1066864692L, 114746266L, -1607536667L, 
-1230554241L, 1731832582L, 131466384L, 192664883L, -2077887791L, 
-1450313600L, -761945762L, -1263561047L, 14729563L, -234222742L, 
104587788L, -522788273L, -1277817083L, -349485124L, -1993809262L, 
-1503524467L, -1249988153L, -388918610L, 826293000L, -1466668789L, 
-553076759L, -1882599240L, -2045028506L, -1303137279L, 1236517523L, 
-970087102L, -642192652L, 1909249783L, -674646291L, 423477636L, 
-36712534L, 211129621L, -307257425L, 731983798L, 1492637152L, 
1897966883L, 337871425L, -288690896L, -1906612402L, -1758204487L, 
-1602367541L, -636484486L, 612963708L, 723840447L, 559041173L, 
669202604L, -1265712510L, -489207203L, 688586071L, 355582014L, 
1163547768L, 1894924123L, -1285911879L, -94042360L, -176816714L, 
-659365135L, -1510513373L, 1974026098L, 1593642436L, -277752441L, 
-1612703907L, -911935148L, 446233466L, 1061124805L, -1476088801L, 
-1983874138L, -11895504L, -634929197L, 1522970097L, -435660000L, 
1312822718L, 458894793L, 657011067L, 1106605898L, -1125144660L, 
-1936986449L, 1723329637L, -590865380L, 731050610L, -2101869331L, 
-874537689L, 201804110L, -1762760280L, -2092094037L, 180332233L, 
-343425320L, 839885702L, 1748153953L, 933638131L, 1512391266L, 
764998868L, -1280846377L, 580804557L, -521954460L, 944488266L, 
112027317L, -1772978673L, -1495060714L, 66849044L, -1234967742L, 
1140873984L, -1999423556L, 730603344L, -78937310L, 2035948872L, 
-1699411444L, 180349020L, -507806510L, 1153120768L, 1649216852L, 
-1135789592L, -554488838L, -1693515568L, 460000556L, -900996364L, 
618281362L, 1101321312L, 2004329740L, -1773579552L, 1733380450L, 
-658253144L, 678019660L, -2073087620L, -1848580814L, -2023419792L, 
-760101052L, 1027022296L, -162829190L, 876178992L, 1422797500L, 
2101337940L, -1637591998L, 1156685216L, -900928836L, -880412208L, 
-112517790L, 942657512L, -375289908L, -1347498244L, -449494542L, 
-857978752L, 398681332L, -348748152L, -893790406L, -313355440L, 
-1443559828L, -1963540332L, 1279668562L, -302448928L, 180572876L, 
-220344160L, -953107582L, 1479283432L, 320615148L, 1275927612L, 
-197324174L, 2051380336L, -1458051548L, 1202783288L, 1032820762L, 
-1121903920L, -1384655812L, 1268401300L, 1411579010L, -1536374848L, 
-326756036L, 181490320L, 1747242018L, 1943462920L, -960247668L, 
944036892L, 157087378L, -1529174912L, 700067860L, 2054325544L, 
-439054790L, 1404241104L, -238152596L, -980004172L, 7567378L, 
-963368992L, -128331828L, 126922208L, 406322722L, -1228699352L, 
796324108L, 159614524L, -1558097678L, -1713853712L, 760263492L, 
-1392813480L, 2094178874L, -643528976L, 1811991740L, -1931825644L, 
-318013246L, 1935401056L, -2106667652L, -1483195184L, 1653140514L, 
1911077544L, 1907703692L, 1364965820L, -1207450574L, -619534528L, 
-1876133708L, 1060754248L, -1043371334L, 20352784L, -1909139220L, 
-706644908L, -797255918L, -1195658336L, -234151988L, -216552608L, 
-2067038014L, -912357848L, 2139624876L, -903778500L, 1267400562L, 
454546224L, -1859403228L, 185315384L, 2136837338L, -1715011184L, 
1568601852L, 1026756500L, -595606718L, -1297614336L, 670196284L, 
-1350855088L, -865226078L, 1024539464L, -832931316L, 1447095516L, 
141734482L, 1797531776L, 1638464340L, 1001558504L, -1985467654L, 
1456641872L, -28785620L, 1608390004L, -1125319022L, 1448933984L, 
2071483020L, 126937952L, -2046496030L, 1704900776L, -1668681524L, 
1254547964L, 1552318386L, 752956912L, -744886844L, -104573096L, 
-2032960646L, -1672790608L, -1170685508L, -281132972L, -886017086L, 
-1948826848L, 16283580L, -633884080L, 987000290L, 345731432L, 
-865571508L, 1784168700L, -1459109134L, 364498688L, 716570228L, 
-611074040L, 663065018L, -222203952L, -1488156180L, 460692L, 
129610450L, -602136992L, 1179501900L, -1803000544L, -959559038L, 
1433819624L, -658276372L, 1671734844L, -55081358L, -881611920L, 
720980260L, 364110392L, -426845798L, 2108619216L, 1156556220L, 
-1306838892L, -891726718L, 959825344L, -145241284L, 2067426448L, 
2013960994L, 203650568L, 1858241804L, -120949348L, 2145553938L, 
-1414243456L, -1776602348L, 1940074792L, 2051982394L, 1194429392L, 
716782188L, 1793487412L, -78710126L, -1150892704L, -1449002676L, 
397608928L, 1146647970L, 2051323304L, 760419980L, -163414596L, 
588910194L, -889809936L, 1148431940L, 890220632L, 1903048762L, 
1831526512L, 975091772L, -381148908L, -540187966L, 1514596064L, 
935766184L, 1099783185L, 1217481987L, 1435779076L, 1676046386L, 
1980110983L, 1397331153L, 2055687766L, 1301937716L, 1203303749L, 
1133852559L, -1620729080L, -779770586L, 831626707L, -1489529035L, 
-225509742L, -1215853984L, -1153315895L, 24488699L, -1481354036L, 
-1116181158L, -1472233393L, -957305575L, -1298487506L, -735217348L, 
573001389L, -1165063849L, 774826144L, 1368069630L, 1214359755L, 
2127967949L, -1880456710L, 1802353208L, 870406113L, 1071845523L, 
1602089652L, -1424793662L, 1163938775L, 1324524577L, 1765323750L, 
-1919697180L, 96864789L, -115424705L, -1235740200L, -1225633802L, 
234870787L, -1444515003L, 1689270114L, -1181951792L, -787848199L, 
-521846997L, -692216676L, -801246518L, 798817215L, 1243543305L, 
-2074410978L, 1299714508L, 1196751773L, 1089074727L, 796884048L, 
1802069230L, -1551810149L, -503597059L, 392925930L, 365643144L, 
-1474165967L, -2022679645L, 464776100L, 1868719698L, -807574105L, 
224625137L, 211957046L, 165838292L, -1975848091L, -606586001L, 
-2019904088L, 1363069702L, 647810611L, 1352746133L, 199449842L, 
-1898787520L, -75713879L, -1660110053L, 393743596L, 696643834L, 
-657419985L, -1517951687L, -661903538L, 74198428L, 2053795597L, 
-358192777L, -609260160L, -1959965730L, -1290812245L, -490102867L, 
-1895009254L, -17245480L, 777179969L, 1814078451L, 550563348L, 
-1913378910L, -353855305L, 1993327233L, -614219130L, 1905660612L, 
13636597L, -2077693345L, 228433080L, 2041772438L, 565920675L, 
929707877L, 1630457474L, -201946128L, 832925081L, -1028283509L, 
1866698364L, -1184152406L, 868251359L, -1067152279L, -1669323138L, 
-1237365140L, -542903619L, 1824092039L, 991566704L, 334146062L, 
-1835432133L, -1317692387L, -2099047222L, 276942824L, 1762729169L, 
-1034061629L, -889499708L, -1206465422L, 1059317063L, 1722718481L, 
1096699030L, 1197367796L, -558886011L, 1402059471L, -1937545272L, 
1310707302L, 2040340627L, 896720885L, 1425013202L, 87958048L, 
978050057L, 1243013435L, -1536793460L, 1280454938L, 1972856719L, 
